-162 57
-160 57
-162 56
-162 57
-186 19
-72 14
-140 73
-135 65
-142 57
-141 54
-135 66
-89 120
-58 133
-37 133
10 148
38 95
100 57
134 23
137 -20
157 -31
158 -85
150 -121
99 -124
49 -137
-3 -147
-28 -149
-63 -139
-110 -135
-147 -111
-184 -45
-179 -18
-171 18
-215 59
-194 133
-184 3
-151 -89
-113 -121
-141 -122
-31 -166
35 -163
85 -146
116 -133
169 -91
238 -24
226 -2
196 25
168 79
111 91
62 138
-27 124
-99 82
-118 91
-162 7
-142 -139
-121 -174
-203 -13
-125 83
-42 134
35 158
99 91
155 21
123 -75
64 -167
-70 -98
-125 -62
-150 54
-139 140
-115 183
-145 -7
-124 -49
-43 -56
62 -101
133 -61
180 60
141 110
47 147
-60 85
-78 107
-66 95
-141 175
-46 289

